[gd_scene load_steps=8 format=3 uid="uid://bu736srt4cyr4"]

[ext_resource type="PackedScene" uid="uid://bw7b4nw6lhmlb" path="res://Scenes/fan.tscn" id="1_km3fo"]
[ext_resource type="Texture2D" uid="uid://c26fhe60u5ehp" path="res://Assets/GridSmall.png" id="2_mfu5p"]

[sub_resource type="Environment" id="Environment_0b4ue"]
background_mode = 1
ambient_light_source = 2
ambient_light_energy = 0.0
tonemap_mode = 2
glow_enabled = true

[sub_resource type="BoxMesh" id="BoxMesh_oi3di"]
size = Vector3(10, 1, 1)

[sub_resource type="BoxShape3D" id="BoxShape3D_a65fu"]
size = Vector3(20, 1, 20)

[sub_resource type="StandardMaterial3D" id="StandardMaterial3D_ukl56"]
albedo_color = Color(0, 0.599, 0.269, 1)
albedo_texture = ExtResource("2_mfu5p")
uv1_scale = Vector3(10, 10, 10)
texture_filter = 0

[sub_resource type="PlaneMesh" id="PlaneMesh_vpl2n"]
material = SubResource("StandardMaterial3D_ukl56")
size = Vector2(20, 20)

[node name="Environment" type="Node3D"]

[node name="SpotLight3D" type="SpotLight3D" parent="."]
transform = Transform3D(0.457397, 0.491482, -0.741103, -0.191909, 0.868308, 0.457397, 0.868308, -0.0669873, 0.491481, -8.00016, 2.99942, 8.9994)
light_color = Color(0.347051, 0.490634, 0.278333, 1)
light_energy = 50.0
shadow_enabled = true
shadow_reverse_cull_face = true
shadow_opacity = 0.8
shadow_blur = 3.0
spot_range = 18.0
spot_angle = 47.3896

[node name="SpotLight3D2" type="SpotLight3D" parent="."]
transform = Transform3D(-0.290558, 0.394897, -0.871569, -0.191909, 0.868308, 0.457397, 0.937415, 0.300163, -0.176509, -8.00016, 2.99942, -4.5006)
light_color = Color(0.616335, 0.285092, 0.655235, 1)
light_energy = 50.0
shadow_enabled = true
shadow_reverse_cull_face = true
shadow_opacity = 0.8
shadow_blur = 3.0
spot_range = 18.0
spot_angle = 47.3896

[node name="SpotLight3D3" type="SpotLight3D" parent="."]
transform = Transform3D(0.523278, -0.303753, 0.796187, -0.191909, 0.868308, 0.457397, -0.830272, -0.392142, 0.396074, 9.49984, 3.49942, -0.000600815)
light_color = Color(0.347051, 0.490634, 0.278333, 1)
light_energy = 50.0
shadow_enabled = true
shadow_reverse_cull_face = true
shadow_opacity = 0.8
shadow_blur = 3.0
spot_range = 18.0
spot_angle = 47.3896

[node name="SpotLight3D4" type="SpotLight3D" parent="."]
transform = Transform3D(0.523278, -0.303753, 0.796187, -0.191909, 0.868308, 0.457397, -0.830271, -0.392142, 0.396074, 10.4998, 3.49942, 7.9994)
light_color = Color(0.616335, 0.285092, 0.655235, 1)
light_energy = 50.0
shadow_enabled = true
shadow_reverse_cull_face = true
shadow_opacity = 0.8
shadow_blur = 3.0
spot_range = 18.0
spot_angle = 47.3896

[node name="DirectionalLight3D" type="DirectionalLight3D" parent="."]
transform = Transform3D(0.577247, 0.461816, -0.673433, -0.12941, 0.866025, 0.482963, 0.80625, -0.19164, 0.559674, -9.07185, 8.40136, 8.68972)
light_color = Color(0.216723, 0.555139, 0.783638, 1)
light_energy = 0.5

[node name="DirectionalLight3D2" type="DirectionalLight3D" parent="."]
transform = Transform3D(0.625798, -0.242551, 0.741313, 0.0244025, 0.956043, 0.292209, -0.779603, -0.164774, 0.604209, 11.9489, 5.39513, 1.79185)
light_color = Color(0.624278, 0.508981, 0.247576, 1)
light_energy = 0.5

[node name="WorldEnvironment" type="WorldEnvironment" parent="."]
environment = SubResource("Environment_0b4ue")

[node name="wall" type="CSGMesh3D" parent="."]
transform = Transform3D(1, 0, 0, 0, 1, 0, 0, 0, 1, -8, 0.5, -10.5)
visible = false
use_collision = true
collision_layer = 4
collision_mask = 7
mesh = SubResource("BoxMesh_oi3di")

[node name="wall3" type="CSGMesh3D" parent="."]
transform = Transform3D(-4.37114e-08, 0, -1, 0, 1, 0, 1, 0, -4.37114e-08, -6.5, 0.5, -5)
visible = false
use_collision = true
collision_layer = 4
collision_mask = 7
mesh = SubResource("BoxMesh_oi3di")

[node name="wall4" type="CSGMesh3D" parent="."]
transform = Transform3D(-4.37114e-08, 0, -1, 0, 1, 0, 1, 0, -4.37114e-08, -6.5, 0.5, 5)
visible = false
use_collision = true
collision_layer = 4
collision_mask = 7
mesh = SubResource("BoxMesh_oi3di")

[node name="wall5" type="CSGMesh3D" parent="."]
transform = Transform3D(-4.37114e-08, 0, -1, 0, 1, 0, 1, 0, -4.37114e-08, 6.5, 0.5, -5)
visible = false
use_collision = true
collision_layer = 4
collision_mask = 7
mesh = SubResource("BoxMesh_oi3di")

[node name="wall6" type="CSGMesh3D" parent="."]
transform = Transform3D(-4.37114e-08, 0, -1, 0, 1, 0, 1, 0, -4.37114e-08, 6.5, 0.5, 5)
visible = false
use_collision = true
collision_layer = 4
collision_mask = 7
mesh = SubResource("BoxMesh_oi3di")

[node name="wall2" type="CSGMesh3D" parent="."]
transform = Transform3D(1, 0, 0, 0, 1, 0, 0, 0, 1, 4, 0.5, -10.5)
visible = false
use_collision = true
collision_layer = 4
collision_mask = 7
mesh = SubResource("BoxMesh_oi3di")

[node name="wall7" type="CSGMesh3D" parent="."]
transform = Transform3D(1, 0, 0, 0, 1, 0, 0, 0, 1, -5, 0.5, 10.5)
visible = false
use_collision = true
collision_layer = 4
collision_mask = 7
mesh = SubResource("BoxMesh_oi3di")

[node name="wall8" type="CSGMesh3D" parent="."]
transform = Transform3D(1, 0, 0, 0, 1, 0, 0, 0, 1, 5, 0.5, 10.5)
visible = false
use_collision = true
collision_layer = 4
collision_mask = 7
mesh = SubResource("BoxMesh_oi3di")

[node name="Fan2" parent="." instance=ExtResource("1_km3fo")]
transform = Transform3D(-4.37114e-08, 0, 1, 0, 1, 0, -1, 0, -4.37114e-08, -6, 0, 10)

[node name="Fan3" parent="." instance=ExtResource("1_km3fo")]
transform = Transform3D(-4.37114e-08, 0, 1, 0, 1, 0, -1, 0, -4.37114e-08, -6, 0, 6)

[node name="Fan4" parent="." instance=ExtResource("1_km3fo")]
transform = Transform3D(-4.37114e-08, 0, 1, 0, 1, 0, -1, 0, -4.37114e-08, -6, 0, 2)

[node name="Fan5" parent="." instance=ExtResource("1_km3fo")]
transform = Transform3D(-4.37114e-08, 0, 1, 0, 1, 0, -1, 0, -4.37114e-08, -6, 0, -2)

[node name="Fan6" parent="." instance=ExtResource("1_km3fo")]
transform = Transform3D(-4.37114e-08, 0, 1, 0, 1, 0, -1, 0, -4.37114e-08, -6, 0, -6)

[node name="Fan12" parent="." instance=ExtResource("1_km3fo")]
transform = Transform3D(1, 0, 0, 0, 1, 0, 0, 0, 1, -7, 0, -10)

[node name="Fan13" parent="." instance=ExtResource("1_km3fo")]
transform = Transform3D(1, 0, 0, 0, 1, 0, 0, 0, 1, 3, 0, -10)

[node name="Fan14" parent="." instance=ExtResource("1_km3fo")]
transform = Transform3D(1, 0, 0, 0, 1, 0, 0, 0, 1, -1, 0, -10)

[node name="Fan7" parent="." instance=ExtResource("1_km3fo")]
transform = Transform3D(1.31134e-07, 0, -1, 0, 1, 0, 1, 0, 1.31134e-07, 6, 0, -10)

[node name="Fan8" parent="." instance=ExtResource("1_km3fo")]
transform = Transform3D(1.31134e-07, 0, -1, 0, 1, 0, 1, 0, 1.31134e-07, 6, 0, -6)

[node name="Fan9" parent="." instance=ExtResource("1_km3fo")]
transform = Transform3D(1.31134e-07, 0, -1, 0, 1, 0, 1, 0, 1.31134e-07, 6, 0, -2)

[node name="Fan10" parent="." instance=ExtResource("1_km3fo")]
transform = Transform3D(1.31134e-07, 0, -1, 0, 1, 0, 1, 0, 1.31134e-07, 6, 0, 2)

[node name="Fan11" parent="." instance=ExtResource("1_km3fo")]
transform = Transform3D(1.31134e-07, 0, -1, 0, 1, 0, 1, 0, 1.31134e-07, 6, 0, 6)

[node name="StaticBody3D" type="StaticBody3D" parent="."]

[node name="CollisionShape3D" type="CollisionShape3D" parent="StaticBody3D"]
transform = Transform3D(1, 0, 0, 0, 1, 0, 0, 0, 1, 0, -0.5, 0)
shape = SubResource("BoxShape3D_a65fu")

[node name="MeshInstance3D" type="MeshInstance3D" parent="StaticBody3D"]
mesh = SubResource("PlaneMesh_vpl2n")
